7.485380116959063912e-01
7.529239766081871066e-01
7.529239766081871066e-01
7.543859649122807154e-01
7.660818713450292528e-01
7.748538011695906835e-01
7.763157894736841813e-01
7.763157894736841813e-01
7.763157894736841813e-01
7.660818713450292528e-01
7.836257309941520033e-01
7.850877192982456121e-01
7.865497076023392209e-01
7.850877192982456121e-01
7.821637426900585055e-01
7.894736842105263275e-01
7.923976608187134341e-01
7.923976608187134341e-01
8.070175438596490780e-01
8.026315789473684736e-01
8.084795321637426868e-01
8.070175438596490780e-01
8.143274853801170110e-01
8.055555555555555802e-01
8.201754385964912242e-01
8.143274853801170110e-01
8.187134502923976154e-01
8.157894736842105088e-01
8.304093567251461527e-01
8.289473684210526550e-01
8.406432748538011923e-01
8.201754385964912242e-01
8.347953216374268681e-01
8.274853801169590461e-01
8.377192982456140857e-01
8.347953216374268681e-01
8.245614035087719396e-01
8.230994152046783308e-01
8.304093567251461527e-01
8.289473684210526550e-01
8.318713450292397615e-01
8.450292397660819077e-01
8.304093567251461527e-01
8.421052631578946901e-01
8.450292397660819077e-01
8.391812865497075835e-01
8.494152046783626231e-01
8.479532163742690143e-01
8.596491228070175517e-01
8.538011695906432275e-01
8.464912280701754055e-01
8.421052631578946901e-01
8.435672514619882989e-01
8.523391812865497297e-01
8.611111111111111605e-01
8.611111111111111605e-01
8.625730994152046582e-01
8.567251461988304451e-01
8.406432748538011923e-01
8.581871345029239428e-01
8.567251461988304451e-01
8.640350877192982670e-01
8.567251461988304451e-01
8.567251461988304451e-01
8.508771929824561209e-01
8.640350877192982670e-01
8.567251461988304451e-01
8.625730994152046582e-01
8.479532163742690143e-01
8.523391812865497297e-01
8.625730994152046582e-01
8.625730994152046582e-01
8.479532163742690143e-01
8.494152046783626231e-01
8.508771929824561209e-01
8.684210526315789824e-01
8.479532163742690143e-01
8.508771929824561209e-01
8.698830409356724802e-01
8.713450292397660890e-01
8.640350877192982670e-01
8.596491228070175517e-01
8.567251461988304451e-01
8.567251461988304451e-01
8.611111111111111605e-01
8.567251461988304451e-01
8.640350877192982670e-01
8.538011695906432275e-01
8.625730994152046582e-01
8.625730994152046582e-01
8.669590643274853736e-01
8.625730994152046582e-01
8.567251461988304451e-01
8.567251461988304451e-01
8.581871345029239428e-01
8.654970760233917648e-01
8.523391812865497297e-01
8.640350877192982670e-01
8.538011695906432275e-01
8.581871345029239428e-01
