7.514619883040936088e-01
7.704678362573099681e-01
7.704678362573099681e-01
7.675438596491228616e-01
7.880116959064327187e-01
7.909356725146199363e-01
7.909356725146199363e-01
7.997076023391812560e-01
8.011695906432748648e-01
8.099415204678362956e-01
8.128654970760234022e-01
8.099415204678362956e-01
8.084795321637426868e-01
8.201754385964912242e-01
8.114035087719297934e-01
8.230994152046783308e-01
8.187134502923976154e-01
8.187134502923976154e-01
8.260233918128655484e-01
8.274853801169590461e-01
8.245614035087719396e-01
8.216374269005848330e-01
8.333333333333333703e-01
8.406432748538011923e-01
8.362573099415204769e-01
8.333333333333333703e-01
8.391812865497075835e-01
8.406432748538011923e-01
8.362573099415204769e-01
8.406432748538011923e-01
8.611111111111111605e-01
8.611111111111111605e-01
8.581871345029239428e-01
8.567251461988304451e-01
8.538011695906432275e-01
8.464912280701754055e-01
8.538011695906432275e-01
8.596491228070175517e-01
8.508771929824561209e-01
8.552631578947368363e-01
8.567251461988304451e-01
8.640350877192982670e-01
8.684210526315789824e-01
8.523391812865497297e-01
8.596491228070175517e-01
8.640350877192982670e-01
8.625730994152046582e-01
8.611111111111111605e-01
8.596491228070175517e-01
8.698830409356724802e-01
8.698830409356724802e-01
8.669590643274853736e-01
8.698830409356724802e-01
8.596491228070175517e-01
8.596491228070175517e-01
8.669590643274853736e-01
8.684210526315789824e-01
8.654970760233917648e-01
8.625730994152046582e-01
8.698830409356724802e-01
8.728070175438596978e-01
8.596491228070175517e-01
8.640350877192982670e-01
8.742690058479531956e-01
8.698830409356724802e-01
8.742690058479531956e-01
8.728070175438596978e-01
8.669590643274853736e-01
8.669590643274853736e-01
8.757309941520468044e-01
8.728070175438596978e-01
8.698830409356724802e-01
8.611111111111111605e-01
8.684210526315789824e-01
8.669590643274853736e-01
8.713450292397660890e-01
8.640350877192982670e-01
8.654970760233917648e-01
8.611111111111111605e-01
8.538011695906432275e-01
8.611111111111111605e-01
8.611111111111111605e-01
8.698830409356724802e-01
8.713450292397660890e-01
8.669590643274853736e-01
8.713450292397660890e-01
8.625730994152046582e-01
8.742690058479531956e-01
8.801169590643275198e-01
8.728070175438596978e-01
8.801169590643275198e-01
8.596491228070175517e-01
8.698830409356724802e-01
8.713450292397660890e-01
8.640350877192982670e-01
8.786549707602339110e-01
8.713450292397660890e-01
8.611111111111111605e-01
8.757309941520468044e-01
8.581871345029239428e-01
