8.139534883720930813e-02
2.151162790697674354e-01
2.325581395348837177e-01
3.255813953488372325e-01
3.023255813953488191e-01
3.895348837209302584e-01
4.825581395348837455e-01
5.348837209302325091e-01
5.000000000000000000e-01
4.651162790697674354e-01
4.709302325581395388e-01
5.872093023255814392e-01
5.697674418604651292e-01
4.651162790697674354e-01
5.872093023255814392e-01
6.918604651162790775e-01
5.930232558139535426e-01
6.046511627906976383e-01
5.872093023255814392e-01
6.104651162790697416e-01
7.325581395348836899e-01
6.802325581395348708e-01
6.976744186046511809e-01
7.325581395348836899e-01
6.976744186046511809e-01
6.686046511627906641e-01
7.325581395348836899e-01
7.674418604651163101e-01
7.441860465116278966e-01
7.441860465116278966e-01
7.383720930232557933e-01
7.267441860465115866e-01
7.674418604651163101e-01
7.500000000000000000e-01
7.616279069767442067e-01
7.325581395348836899e-01
7.616279069767442067e-01
7.325581395348836899e-01
7.441860465116278966e-01
7.441860465116278966e-01
7.790697674418605168e-01
7.906976744186046124e-01
7.383720930232557933e-01
7.441860465116278966e-01
8.081395348837209225e-01
7.848837209302325091e-01
7.500000000000000000e-01
7.732558139534884134e-01
8.372093023255814392e-01
8.197674418604651292e-01
7.500000000000000000e-01
7.151162790697674909e-01
7.558139534883721034e-01
7.790697674418605168e-01
8.546511627906976383e-01
7.790697674418605168e-01
7.383720930232557933e-01
8.023255813953488191e-01
7.848837209302325091e-01
8.255813953488372325e-01
8.023255813953488191e-01
7.790697674418605168e-01
7.848837209302325091e-01
7.674418604651163101e-01
7.732558139534884134e-01
7.906976744186046124e-01
8.081395348837209225e-01
7.790697674418605168e-01
8.023255813953488191e-01
7.616279069767442067e-01
7.790697674418605168e-01
8.023255813953488191e-01
8.255813953488372325e-01
7.325581395348836899e-01
7.558139534883721034e-01
7.790697674418605168e-01
7.732558139534884134e-01
8.430232558139535426e-01
7.616279069767442067e-01
8.081395348837209225e-01
7.790697674418605168e-01
7.965116279069767158e-01
7.732558139534884134e-01
7.151162790697674909e-01
8.255813953488372325e-01
7.383720930232557933e-01
8.081395348837209225e-01
8.197674418604651292e-01
7.906976744186046124e-01
6.976744186046511809e-01
8.139534883720930258e-01
7.616279069767442067e-01
7.325581395348836899e-01
7.732558139534884134e-01
7.674418604651163101e-01
7.732558139534884134e-01
7.848837209302325091e-01
9.318372093023255349e-01
8.197674418604651292e-01
7.790697674418605168e-01
