9.333333333333333481e-01
8.809523809523809312e-01
9.523809523809523281e-01
9.180327868852459217e-01
9.454545454545454364e-01
9.178082191780821963e-01
9.222222222222222765e-01
9.200000000000000400e-01
9.555555555555556024e-01
9.756097560975609539e-01
9.759036144578313587e-01
9.266055045871559592e-01
9.423076923076922906e-01
9.756097560975609539e-01
9.619047619047619291e-01
9.370078740157480324e-01
9.714285714285714191e-01
9.719626168224299034e-01
9.619047619047619291e-01
9.633027522935779796e-01
9.402985074626866169e-01
9.669421487603305776e-01
9.599999999999999645e-01
9.197080291970802790e-01
9.917355371900826722e-01
9.663865546218487479e-01
8.873239436619718701e-01
9.777777777777777457e-01
9.922480620155038622e-01
9.922480620155038622e-01
9.844961240310077244e-01
9.920634920634920917e-01
9.924812030075187419e-01
9.923076923076923350e-01
9.924242424242424310e-01
9.692307692307692291e-01
9.849624060150375948e-01
9.921259842519685179e-01
9.922480620155038622e-01
9.922480620155038622e-01
9.925925925925925819e-01
9.927007299270073082e-01
9.921875000000000000e-01
9.922480620155038622e-01
9.928571428571428825e-01
9.926470588235294379e-01
9.923076923076923350e-01
9.925373134328357994e-01
9.863013698630136439e-01
9.929577464788732488e-01
9.923076923076923350e-01
9.919354838709677491e-01
9.848484848484848619e-01
9.925925925925925819e-01
9.932432432432432012e-01
9.925925925925925819e-01
9.921875000000000000e-01
9.928057553956834980e-01
9.926470588235294379e-01
9.930069930069930217e-01
9.857142857142857650e-01
9.925925925925925819e-01
9.926470588235294379e-01
9.924812030075187419e-01
9.925373134328357994e-01
9.855072463768116409e-01
9.928571428571428825e-01
9.925925925925925819e-01
9.928057553956834980e-01
9.924242424242424310e-01
9.925925925925925819e-01
9.928057553956834980e-01
9.930069930069930217e-01
9.921259842519685179e-01
9.923664122137404453e-01
9.925925925925925819e-01
9.925373134328357994e-01
9.731543624161074213e-01
9.924242424242424310e-01
9.928571428571428825e-01
9.925925925925925819e-01
9.927536231884057649e-01
9.851851851851851638e-01
9.919354838709677491e-01
9.930069930069930217e-01
9.844961240310077244e-01
9.928571428571428825e-01
8.929577464788732488e-01
8.855072463768116409e-01
8.917355371900826722e-01
8.929078014184397061e-01
8.924242424242424310e-01
8.921259842519685179e-01
8.925373134328357994e-01
8.924812030075187419e-01
8.925373134328357994e-01
8.926470588235294379e-01
8.759172789115646183e-01
8.929577464788732488e-01
8.925925925925925819e-01
