7.675438596491228616e-01
7.953216374269005406e-01
8.040935672514619714e-01
8.230994152046783308e-01
8.201754385964912242e-01
8.377192982456140857e-01
8.596491228070175517e-01
8.713450292397660890e-01
8.684210526315789824e-01
8.625730994152046582e-01
8.640350877192982670e-01
8.845029239766082352e-01
8.830409356725146264e-01
8.625730994152046582e-01
8.903508771929824483e-01
9.108187134502924165e-01
8.932748538011695549e-01
8.961988304093567725e-01
8.903508771929824483e-01
8.961988304093567725e-01
9.210526315789473450e-01
9.137426900584795231e-01
9.166666666666666297e-01
9.166666666666666297e-01
9.225146198830409539e-01
9.108187134502924165e-01
9.093567251461988077e-01
9.371345029239765978e-01
9.342105263157894912e-01
9.342105263157894912e-01
9.312865497076023846e-01
9.298245614035087758e-01
9.400584795321637044e-01
9.356725146198829890e-01
9.385964912280702066e-01
9.269005847953216692e-01
9.371345029239765978e-01
9.312865497076023846e-01
9.342105263157894912e-01
9.342105263157894912e-01
9.429824561403509220e-01
9.459064327485380286e-01
9.327485380116958824e-01
9.342105263157894912e-01
9.502923976608187440e-01
9.444444444444444198e-01
9.356725146198829890e-01
9.415204678362573132e-01
9.561403508771929571e-01
9.532163742690058506e-01
9.356725146198829890e-01
9.269005847953216692e-01
9.356725146198829890e-01
9.429824561403509220e-01
9.619883040935672813e-01
9.429824561403509220e-01
9.327485380116958824e-01
9.488304093567251352e-01
9.444444444444444198e-01
9.546783625730994594e-01
9.473684210526315264e-01
9.429824561403509220e-01
9.444444444444444198e-01
9.400584795321637044e-01
9.415204678362573132e-01
9.444444444444444198e-01
9.502923976608187440e-01
9.429824561403509220e-01
9.488304093567251352e-01
9.385964912280702066e-01
9.429824561403509220e-01
9.488304093567251352e-01
9.546783625730994594e-01
9.312865497076023846e-01
9.371345029239765978e-01
9.429824561403509220e-01
9.415204678362573132e-01
9.546783625730994594e-01
9.385964912280702066e-01
9.582923976608187440e-01
9.429824561403509220e-01
9.473684210526315264e-01
9.400584795321637044e-01
9.269005847953216692e-01
9.546783625730994594e-01
9.312865497076023846e-01
9.502923976608187440e-01
9.532163742690058506e-01
9.444444444444444198e-01
9.225146198830409539e-01
9.517543859649122417e-01
9.385964912280702066e-01
9.312865497076023846e-01
9.415204678362573132e-01
9.400584795321637044e-01
9.415204678362573132e-01
9.444444444444444198e-01
9.605263157894736725e-01
9.532163742690058506e-01
9.429824561403509220e-01
