2.005813953488372103e+00
2.300581395348837077e+01
2.100581395348837077e+01
2.000581395348837077e+01
3.800581395348837077e+01
3.500581395348837077e+01
4.000581395348837077e+01
4.900581395348837077e+01
4.300581395348837077e+01
4.700581395348837077e+01
5.100581395348837077e+01
5.300581395348837077e+01
5.200581395348837077e+01
5.700581395348837077e+01
5.700581395348837077e+01
6.400581395348837077e+01
6.200581395348837077e+01
5.800581395348837077e+01
6.500581395348837077e+01
6.800581395348837077e+01
6.100581395348837077e+01
5.700581395348837077e+01
6.500581395348837077e+01
7.200581395348837077e+01
6.800581395348837077e+01
6.600581395348837077e+01
7.600581395348837077e+01
7.600581395348837077e+01
7.100581395348837077e+01
7.000581395348837077e+01
8.700581395348837077e+01
8.600581395348837077e+01
8.500581395348837077e+01
8.200581395348837077e+01
7.800581395348837077e+01
7.800581395348837077e+01
8.400581395348837077e+01
8.500581395348837077e+01
7.800581395348837077e+01
8.500581395348837077e+01
8.600581395348837077e+01
8.800581395348837077e+01
9.000581395348837077e+01
7.500581395348837077e+01
8.100581395348837077e+01
8.900581395348837077e+01
8.400581395348837077e+01
8.000581395348837077e+01
8.200581395348837077e+01
8.800581395348837077e+01
8.800581395348837077e+01
8.600581395348837077e+01
8.900581395348837077e+01
7.700581395348837077e+01
8.500581395348837077e+01
8.700581395348837077e+01
8.800581395348837077e+01
8.400581395348837077e+01
9.500581395348837077e+01
9.000581395348837077e+01
8.700581395348837077e+01
8.400581395348837077e+01
8.300581395348837077e+01
9.400581395348837077e+01
8.800581395348837077e+01
9.200581395348837077e+01
9.200581395348837077e+01
8.900581395348837077e+01
8.600581395348837077e+01
9.200581395348837077e+01
9.200581395348837077e+01
8.700581395348837077e+01
8.300581395348837077e+01
8.800581395348837077e+01
8.600581395348837077e+01
9.000581395348837077e+01
8.400581395348837077e+01
8.900581395348837077e+01
8.800581395348837077e+01
9.200581395348837077e+01
8.200581395348837077e+01
8.500581395348837077e+01
8.900581395348837077e+01
8.800581395348837077e+01
8.400581395348837077e+01
9.300581395348837077e+01
8.200581395348837077e+01
9.400581395348837077e+01
9.400581395348837077e+01
8.700581395348837077e+01
9.800581395348837077e+01
8.400581395348837077e+01
8.700581395348837077e+01
8.800581395348837077e+01
9.200581395348837077e+01
9.300581395348837077e+01
9.000581395348837077e+01
8.100581395348837077e+01
9.200581395348837077e+01
9.000581395348837077e+01
