2.250000000000000000e+00
2.303030303030303116e+01
2.103448275862069039e+01
2.003448275862069039e+01
3.801960784313725839e+01
3.502325581395349019e+01
4.001886792452830122e+01
4.901538461538461888e+01
4.301923076923076650e+01
4.701851851851851904e+01
5.101666666666666572e+01
5.301515151515151558e+01
5.201538461538461888e+01
5.701492537313432507e+01
5.701369863013698591e+01
6.401265822784810666e+01
6.201282051282051100e+01
5.801428571428571246e+01
6.501265822784810666e+01
6.801190476190475920e+01
6.101388888888888573e+01
5.701515151515151558e+01
6.501351351351351582e+01
7.201204819277108982e+01
6.801282051282051100e+01
6.601315789473683537e+01
7.601086956521739069e+01
7.601098901098900740e+01
7.101190476190475920e+01
7.001265822784810666e+01
8.701010101010101039e+01
8.601030927835051898e+01
8.501030927835051898e+01
8.201086956521739069e+01
7.801162790697674154e+01
7.801098901098900740e+01
8.401020408163265074e+01
8.501041666666667140e+01
7.801136363636364024e+01
8.501010101010101039e+01
8.601000000000000512e+01
8.801010101010101039e+01
9.001000000000000512e+01
7.501234567901234129e+01
8.101136363636364024e+01
8.900990099009901257e+01
8.401086956521739069e+01
8.001176470588235645e+01
8.201111111111110574e+01
8.801052631578947683e+01
8.801052631578947683e+01
8.601075268817204744e+01
8.901030927835051898e+01
7.701250000000000284e+01
8.501041666666667140e+01
8.701052631578947683e+01
8.801041666666667140e+01
8.401111111111110574e+01
9.500877192982456165e+01
9.001010101010101039e+01
8.701098901098900740e+01
8.401063829787234738e+01
8.301123595505617914e+01
9.400961538461538680e+01
8.801052631578947683e+01
9.201000000000000512e+01
9.200990099009901257e+01
8.901010101010101039e+01
8.601075268817204744e+01
9.201010101010101039e+01
9.200990099009901257e+01
8.701075268817204744e+01
8.301098901098900740e+01
8.801041666666667140e+01
8.601075268817204744e+01
9.001020408163265074e+01
8.401098901098900740e+01
8.901000000000000512e+01
8.800990099009901257e+01
9.200877192982456165e+01
8.201123595505617914e+01
8.501052631578947683e+01
8.901030927835051898e+01
8.801063829787234738e+01
8.401123595505617914e+01
9.300961538461538680e+01
8.201136363636364024e+01
9.400961538461538680e+01
9.401000000000000512e+01
8.701098901098900740e+01
9.800925925925925242e+01
8.401063829787234738e+01
8.701075268817204744e+01
8.801063829787234738e+01
9.200934579439253014e+01
9.301010101010101039e+01
9.001020408163265074e+01
8.101149425287356109e+01
9.201010101010101039e+01
9.000934579439253014e+01
