5.813953488372092943e-03
2.325581395348837177e-02
2.325581395348837177e-02
5.813953488372092943e-02
1.220930232558139483e-01
1.686046511627906919e-01
1.627906976744186163e-01
2.151162790697674354e-01
1.686046511627906919e-01
1.918604651162790775e-01
2.209302325581395388e-01
2.558139534883721034e-01
2.848837209302325646e-01
2.093023255813953598e-01
2.383720930232558211e-01
2.790697674418604612e-01
2.732558139534883579e-01
2.441860465116278966e-01
3.488372093023255904e-01
3.197674418604651292e-01
3.081395348837209225e-01
2.790697674418604612e-01
3.197674418604651292e-01
3.255813953488372325e-01
3.837209302325581550e-01
3.255813953488372325e-01
3.430232558139534871e-01
3.546511627906976938e-01
4.069767441860465129e-01
4.534883720930232287e-01
4.767441860465116421e-01
3.604651162790697416e-01
4.534883720930232287e-01
3.604651162790697416e-01
4.244186046511627675e-01
3.953488372093023062e-01
3.720930232558139483e-01
4.069767441860465129e-01
4.127906976744186163e-01
3.720930232558139483e-01
4.127906976744186163e-01
4.825581395348837455e-01
4.302325581395348708e-01
4.302325581395348708e-01
4.534883720930232287e-01
4.360465116279069742e-01
4.593023255813953321e-01
4.767441860465116421e-01
5.116279069767442067e-01
5.174418604651163101e-01
5.232558139534884134e-01
4.244186046511627675e-01
4.651162790697674354e-01
4.651162790697674354e-01
5.581395348837209225e-01
5.058139534883721034e-01
5.058139534883721034e-01
4.767441860465116421e-01
4.069767441860465129e-01
5.000000000000000000e-01
5.232558139534884134e-01
5.232558139534884134e-01
4.883720930232557933e-01
4.767441860465116421e-01
4.593023255813953321e-01
5.348837209302325091e-01
5.000000000000000000e-01
5.348837209302325091e-01
4.418604651162790775e-01
4.767441860465116421e-01
5.290697674418605168e-01
5.232558139534884134e-01
4.534883720930232287e-01
4.709302325581395388e-01
4.709302325581395388e-01
5.872093023255814392e-01
4.709302325581395388e-01
4.941860465116278966e-01
5.465116279069767158e-01
5.523255813953488191e-01
5.697674418604651292e-01
5.290697674418605168e-01
5.348837209302325091e-01
5.348837209302325091e-01
5.058139534883721034e-01
5.232558139534884134e-01
5.465116279069767158e-01
5.000000000000000000e-01
5.348837209302325091e-01
5.581395348837209225e-01
5.465116279069767158e-01
5.116279069767442067e-01
5.523255813953488191e-01
5.290697674418605168e-01
5.290697674418605168e-01
5.523255813953488191e-01
4.883720930232557933e-01
5.523255813953488191e-01
5.348837209302325091e-01
5.348837209302325091e-01
