5.000000000000000000e-01
8.000000000000000444e-01
8.000000000000000444e-01
6.250000000000000000e-01
6.999999999999999556e-01
7.249999999999999778e-01
7.567567567567567988e-01
6.727272727272727293e-01
7.435897435897436125e-01
6.111111111111111605e-01
7.307692307692307265e-01
6.984126984126983739e-01
6.805555555555555802e-01
7.659574468085106336e-01
6.949152542372881713e-01
7.058823529411765163e-01
7.343750000000000000e-01
7.777777777777777901e-01
7.500000000000000000e-01
7.534246575342465890e-01
8.153846153846153744e-01
8.571428571428570953e-01
8.461538461538461453e-01
7.671232876712328341e-01
7.951807228915662717e-01
8.358208955223880299e-01
8.428571428571428603e-01
8.026315789473684736e-01
8.333333333333333703e-01
7.722772277227722970e-01
8.118811881188119361e-01
8.266666666666666607e-01
8.041237113402062153e-01
8.857142857142856762e-01
8.588235294117646523e-01
8.831168831168830780e-01
8.421052631578946901e-01
7.865168539325843033e-01
8.255813953488372325e-01
8.767123287671232390e-01
8.352941176470588536e-01
8.299999999999999600e-01
8.043478260869565410e-01
8.809523809523809312e-01
8.666666666666666963e-01
8.522727272727272929e-01
8.876404494382021948e-01
8.541666666666666297e-01
8.800000000000000044e-01
8.396226415094339979e-01
7.964601769911504592e-01
8.902439024390244038e-01
8.421052631578946901e-01
8.988764044943819975e-01
8.347826086956521285e-01
8.969072164948453940e-01
9.062500000000000000e-01
9.111111111111110938e-01
9.090909090909090606e-01
8.865979381443298557e-01
8.490566037735849392e-01
8.910891089108911034e-01
8.936170212765957022e-01
9.111111111111110938e-01
8.977272727272727071e-01
8.761904761904761862e-01
8.775510204081632404e-01
8.679245283018868218e-01
9.047619047619047672e-01
8.817204301075268758e-01
8.750000000000000000e-01
8.823529411764705621e-01
8.863636363636363535e-01
8.709677419354838745e-01
8.804347826086956763e-01
8.416666666666666741e-01
8.617021276595744350e-01
8.499999999999999778e-01
8.952380952380952772e-01
8.962264150943396457e-01
8.376068376068376287e-01
8.584905660377358805e-01
8.363636363636363091e-01
8.363636363636363091e-01
8.969072164948453940e-01
8.490566037735849392e-01
8.623853211009174791e-01
8.599999999999999867e-01
8.679245283018868218e-01
8.421052631578946901e-01
8.785046728971962482e-01
8.979591836734693855e-01
8.189655172413793371e-01
8.425925925925925597e-01
8.504672897196261516e-01
8.636363636363636465e-01
8.659793814432990011e-01
8.558558558558558849e-01
8.214285714285713969e-01
8.440366972477064689e-01
